0
0
0
0
0
0
0
0
0
0
0
0
0
0
0
0
0
0
0
0
0
0
0
0
0
0
0
0
0
0
0
0
0
0
0
0
0
0
0
0
0
0
0
0
0
0
0
0
0
0
0
0
0
0
0
0
0
0
0
0
0
0
0
0
0
0
0
0
0
0
0
0
0
0
0
0
0
0
0
0
0
0
0
0
0
0
0
0
0
0
0
0
0
0
0
0
0
0
0
0
0
0
0
0
0
0
0
0
0
0
0
0
0
0
0
0
0
0
0
0
0
0
0
0
0
0
0
0
0
0
0
0
0
0
0
0
0
0
0
0
0
0
0
0
0
0
0
0
0
0
0
0
0
0
0
0
0
0
0
0
0
0
0
0
0
0
0
0
0
0
0
0
0
0
0
0
0
0
0
0
0
0
0
0
0
0
0
0
0
0
0
0
0
0
0
0
0
0
0
0
0
0
0
0
0
0
0
0
0
0
0
0
0
0
0
0
0
0
0
0
0
0
0
0
0
0
0
0
0
0
0
0
0
0
0
0
0
0
0
0
0
0
0
0
0
0
0
0
0
0
0
0
0
0
0
0
0
0
0
0
0.0008
0.00083927
0
0
0
0
0
0
0
0
0
0
0
0
0
0
0
0
0
0.00083927
0.00208
0.0016087
0.0022636
0.00075268
0
0
0
0
0
0
0
0
0
0
0
0
0
0.00075268
0.0030003
0.0034281
0.00176
0.0020249
0.0016081
0.0026513
0.0022423
1.4632e-05
0
0
0
0
0
0
0
0
0
1.4632e-05
0.0023617
0.0045033
0.0039174
0.0033944
0.00192
0.0020249
0.0025369
0.0016433
0.0017524
0.0021276
0.00021516
0
0
0
0
0
0
0
0.00021516
0.002893
0.0039301
0.0033314
0.0034418
0.0033209
0.00224
0.0025681
0.0015094
0.0020706
0.0023487
0.0026206
0.0029829
0.00063578
0
0
0
0
0
0.00063578
0.0039222
0.004052
0.003582
0.002887
0.0026495
0.0032399
0.0024
0.0016275
0.0025472
0.0026193
0.0022738
0.0022059
0.0027137
0.003483
0.001805
0.00018866
0
0.00018866
0.001805
0.0048585
0.0039656
0.0032247
0.0031124
0.0030978
0.0029098
0.0022564
0.00256
0.0025109
0.0025235
0.0022014
0.0019796
0.0024882
0.0022092
0.0023878
0.0034162
0.0040715
0.004
0.0043955
0.0046324
0.0034446
0.0033024
0.0032435
0.0027979
0.0032323
0.0031964
0.0027792
0.00192
0.0026729
0.0023741
0.0025196
0.0027244
0.0023849
0.0028216
0.0030578
0.0031704
0.003403
0.00304
0.004051
0.0038172
0.0032161
0.0032171
0.0032539
0.0029088
0.003013
0.0027409
0.0033209
0.0028
0.0028349
0.00286
0.0025873
0.0023927
0.0025449
0.0025943
0.002777
0.003257
0.0029985
0.00352
0.0029985
0.0036427
0.0034366
0.0032033
0.0029974
0.0032632
0.0030229
0.0029754
0.0030779
0.00288
0.0025109
0.0025287
0.0027303
0.0026548
0.0027049
0.0032569
0.003365
0.0024586
0.002977
0.00384
0.0033506
0.0027951
0.0037242
0.0036525
0.0031574
0.0031657
0.0027077
0.0033161
0.0033652
0.00288
0.0029159
0.0029734
0.002584
0.0031102
0.0033357
0.0032485
0.0030627
0.0037819
0.0038069
0.00336
0.0040557
0.0037819
0.003549
0.003644
0.0034633
0.0032449
0.0033924
0.003589
0.0031994
0.00296
0.0025919
0.0025207
0.0027848
0.0032448
0.0031174
0.003099
0.0025458
0.0026132
0.0036449
0.00368
0.0035689
0.0028117
0.0027401
0.003418
0.0035967
0.00362
0.0034633
0.0033647
0.0036829
0.00272
0.0026716
0.0020301
0.0027921
0.0027798
0.0031229
0.0030551
0.0038719
0.0041692
0.0037631
0.0036
0.0031419
0.0038694
0.0036245
0.0031201
0.0035158
0.0032858
0.0035914
0.0029847
0.0034424
0.00192
0.0026729
0.0025757
0.002744
0.0028231
0.002932
0.0029558
0.003158
0.0031679
0.00268
0.00336
0.0029189
0.0031704
0.0032939
0.0032685
0.0035319
0.0036982
0.0038379
0.003575
0.0038879
0.00272
0.0022679
0.0026076
0.0021549
0.002358
0.0027106
0.0025596
0.0026237
0.0025224
0.0027165
0.00256
0.0030384
0.0031953
0.0031626
0.0034044
0.0036734
0.0035587
0.0033622
0.0037876
0.0035639
0.0024
0.0021162
0.0025235
0.0025378
0.0023184
0.0015839
0.0021216
0.0020728
0.0029342
0.0031589
0.00288
0.0034019
0.003562
0.0034856
0.0036046
0.0028711
0.0035719
0.003364
0.0032806
0.0034931
0.00168
0.0020544
0.002535
0.0022263
0.002571
0.0024063
0.0020036
0.0027565
0.0026067
0.0031574
0.00328
0.0034431
0.0035243
0.0038719
0.0033456
0.0032483
0.0035783
0.0034032
0.0036293
0.0029859
0.00152
0.0023489
0.0022712
0.0024614
0.0017993
0.002162
0.0024781
0.002302
0.0022174
0.0023489
0.00264
0.0030374
0.0034515
0.0038197
0.0037383
0.003614
0.0029706
0.0033458
0.0031964
0.0031018
0.0024
0.0021285
0.0019201
0.002034
0.0021108
0.0019545
0.0019745
0.0021947
0.0024921
0.0026922
0.00356
0.0037038
0.0035765
0.0036093
0.0031029
0.0033583
0.0029716
0.00328
0.0030824
0.0027944
0.00216
0.001852
0.0022712
0.0024242
0.0021206
0.0026925
0.0026819
0.0025623
0.0030901
0.0034908
0.00376
0.0039531
0.0039139
0.0035876
0.0038389
0.00325
0.0033255
0.003307
0.002885
0.0024668
0.00216
0.0017009
0.002187
0.0017876
0.0023733
0.0022627
0.0024922
0.0028603
0.0030107
0.0031131
0.00332
0.0034665
0.0038273
0.0037416
0.0034142
0.0034445
0.0034053
0.0024601
0.0025596
0.0021059
0.00224
0.0022679
0.0018963
0.0017671
0.0016247
0.0027598
0.0032009
0.0036169
0.0033
0.0036789
0.00344
0.0038393
0.0036454
0.0033312
0.0037986
0.0030616
0.0024861
0.0020258
0.0023553
0.0024299
0.00224
0.0022679
0.0018827
0.002407
0.0026367
0.0029004
0.0035528
0.0041124
0.0044299
0.0041952
0.00428
0.0039689
0.0035124
0.0035673
0.0031622
0.0032147
0.0024579
0.0024377
0.0020708
0.0023489
0.00232
0.0022679
0.0020188
0.002514
0.0027887
0.0035404
0.003308
0.003878
0.0041984
0.0046573
0.0046
0.0040658
0.0036854
0.0034849
0.0032632
0.0026547
0.0026296
0.002514
0.0020188
0.002314
0.0024
0.0023489
0.0023944
0.0022037
0.002792
0.0032878
0.0040535
0.0035108
0.0040137
0.0045714
0.00428
0.0040029
0.0034228
0.0032705
0.0026993
0.0026741
0.0017389
0.0020024
0.0021029
0.0023489
0.00232
0.0020249
0.0026251
0.0027716
0.0035163
0.0035496
0.003562
0.0039312
0.0040076
0.0038715
0.00408
0.0039485
0.0034788
0.0028435
0.0023945
0.0023759
0.0026699
0.0020222
0.0023553
0.0017819
0.00264
0.0025478
0.0031426
0.0034891
0.0034244
0.0033574
0.0039433
0.0035902
0.0039139
0.0040499
0.00392
0.0039363
0.003354
0.0026327
0.0026981
0.0026982
0.0023255
0.0025114
0.0023435
0.0018629
0.0028
0.003028
0.0033332
0.0034595
0.0031694
0.0034715
0.0031666
0.0037699
0.0036591
0.0037038
0.00364
0.0028137
0.0029299
0.0025324
0.0022669
0.00215
0.0021428
0.0022103
0.0019574
0.0021285
0.00232
0.0033448
0.0033647
0.0035017
0.0031684
0.0038152
0.0038744
0.0038332
0.0035356
0.0030374
0.00256
0.0024299
0.0024394
0.0030024
0.0030549
0.0025014
0.0018579
0.002514
0.0023553
0.0023489
0.00352
0.0031479
0.0038273
0.0035735
0.0036946
0.0033832
0.0034666
0.0040036
0.0035047
0.0035241
0.00328
0.0031589
0.0029358
0.0033783
0.0026462
0.0027674
0.0027688
0.0021365
0.0025235
0.0021354
0.0036
0.0034122
0.0035165
0.0035436
0.0036836
0.0030287
0.00379
0.0036489
0.0038045
0.003437
0.00304
0.003518
0.0035034
0.0027828
0.0028318
0.0019678
0.0025037
0.0026477
0.0024394
0.0020352
0.0036
0.0035639
0.0037842
0.0035466
0.0038353
0.0038997
0.0036566
0.00343
0.0035221
0.0035498
0.00336
0.0036744
0.0034349
0.0032804
0.0031901
0.0034436
0.0026918
0.0023437
0.002669
0.0021728
0.00344
0.0038879
0.003575
0.0039142
0.0039481
0.0038074
0.0035334
0.0036463
0.003678
0.0035669
0.004
0.0032548
0.003513
0.0033568
0.003141
0.0033328
0.0033365
0.0030729
0.0027439
0.0028349
0.00344
0.0034424
0.0029847
0.0035914
0.0033266
0.0037591
0.0034441
0.0039836
0.0042058
0.0034659
0.00384
0.0037899
0.0041692
0.0038719
0.0030056
0.00314
0.0029642
0.0031095
0.0022759
0.0028081
0.004
0.0036829
0.0033647
0.0034633
0.00362
0.0035967
0.0034945
0.0028795
0.0029497
0.0036449
0.00368
0.0036449
0.0026132
0.0025458
0.003099
0.0030608
0.0032488
0.0028231
0.002581
0.0025919
0.0032
0.0031994
0.003589
0.0033924
0.0032449
0.0034633
0.003644
0.003549
0.0037819
0.0040557
0.00336
0.0038069
0.0037819
0.0030627
0.0032485
0.0033174
0.003061
0.0026247
0.0029887
0.0029159
0.00376
0.0033652
0.0033161
0.0027077
0.0031657
0.0031574
0.0036525
0.0037242
0.0027951
0.0033506
0.00384
0.002977
0.0024586
0.003365
0.0032569
0.0027049
0.0026213
0.0026737
0.0025908
0.0025476
0.00272
0.0030779
0.0029754
0.0030229
0.0032632
0.0029974
0.0032033
0.0034366
0.0036427
0.0029985
0.00352
0.0029985
0.003257
0.002777
0.0025943
0.0025449
0.0023927
0.0025648
0.0027759
0.002795
0.00256
0.0033209
0.0027409
0.003013
0.0029088
0.0032539
0.0032171
0.0032161
0.0038172
0.004051
0.00304
0.003403
0.0031704
0.0030578
0.0028216
0.0023849
0.0027244
0.0025196
0.0023741
0.0026729
0.0032
0.0027792
0.0031964
0.0032323
0.0027979
0.0032435
0.0033024
0.0034446
0.0046324
0.0043955
0.004
0.0040715
0.0034162
0.0023878
0.0022092
0.0024882
0.0019796
0.0022014
0.0025235
0.0025109
0.00304
0.0022564
0.0029098
0.0030978
0.0031124
0.0032247
0.0039656
0.0048585
0.001805
0.00018866
0
0.00018866
0.001805
0.003483
0.0027137
0.0022059
0.0022738
0.0026193
0.0025472
0.0016275
0.00288
0.0032399
0.0026495
0.002887
0.003582
0.004052
0.0039222
0.00063578
0
0
0
0
0
0.00063578
0.0029829
0.0026206
0.0023487
0.0020706
0.0015094
0.0025681
0.00256
0.0033209
0.0034418
0.0033314
0.0039301
0.002893
0.00021516
0
0
0
0
0
0
0
0.00021516
0.0021276
0.0017524
0.0016433
0.0025369
0.0020249
0.00368
0.0033944
0.0039174
0.0045033
0.0023617
1.4632e-05
0
0
0
0
0
0
0
0
0
1.4632e-05
0.0022423
0.0026513
0.0016081
0.0020249
0.004
0.0034281
0.0030003
0.00075268
0
0
0
0
0
0
0
0
0
0
0
0
0
0.00075268
0.0022636
0.0016087
0.0008
0.00083927
0
0
0
0
0
0
0
0
0
0
0
0
0
0
0
0
0
0.00083927
0
0
0
0
0
0
0
0
0
0
0
0
0
0
0
0
0
0
0
0
0
0
0
0
0
0
0
0
0
0
0
0
0
0
0
0
0
0
0
0
0
0
0
0
0
0
0
0
0
0
0
0
0
0
0
0
0
0
0
0
0
0
0
0
0
0
0
0
0
0
0
0
0
0
0
0
0
0
0
0
0
0
0
0
0
0
0
0
0
0
0
0
0
0
0
0
0
0
0
0
0
0
0
0
0
0
0
0
0
0
0
0
0
0
0
0
0
0
0
0
0
0
0
0
0
0
0
0
0
0
0
0
0
0
0
0
0
0
0
0
0
0
0
0
0
0
0
0
0
0
0
0
0
0
0
0
0
0
0
0
0
0
0
0
0
0
0
0
0
0
0
0
0
0
0
0
0
0
0
0
0
0
0
0
0
0
0
0
0
0
0
0
0
0
0
0
0
0
0
0
0
0
0
0
0
0
0
0
0
0
0
0
0
0
0
0
0
0
0
0
0
0
0
0
0
0
0
0
0
0
0
0
0
0
0
0
0
0
0
0
0
0
0
0
0
0
0
0
0
0
0
0
0
0
0
0
0
0
0
0
